50
(50.7170968, 4.268208): [(50.7805147, 4.1979164)]
(50.8427501, 4.3515499): [(50.7904904, 4.3559193)]
(51.2198771, 4.4011356): [(51.1488217, 4.4785055)]
(50.5329187, 4.7417015): [(50.511588, 4.6770711)]
(50.7410068, 5.2607332): [(50.7342411, 5.209727), (50.7216887, 5.3534526)]
(50.7811468, 2.9997573): [(50.8165377, 2.8757493)]
(50.3453749, 5.0922322): [(50.3780379, 4.9703054)]
(50.7497791, 4.9829359): [(50.7289435, 4.9641114)]
(50.5236273, 5.006894): [(50.5838176, 5.0903253)]
(51.1488217, 4.4785055): [(51.2198771, 4.4011356)]
(50.7342411, 5.209727): [(50.7410068, 5.2607332)]
(51.3317067, 3.3140885): [(51.2948381, 3.1994146)]
(50.5838176, 5.0903253): [(50.5236273, 5.006894)]
(50.7216887, 5.3534526): [(50.7410068, 5.2607332)]
(51.2948381, 3.1994146): [(51.3317067, 3.3140885)]
(50.3780379, 4.9703054): [(50.3453749, 5.0922322)]
(50.511588, 4.6770711): [(50.5329187, 4.7417015)]
(50.7289435, 4.9641114): [(50.7497791, 4.9829359)]
(50.7805147, 4.1979164): [(50.7170968, 4.268208)]
(50.7904904, 4.3559193): [(50.8427501, 4.3515499)]
(50.8165377, 2.8757493): [(50.7811468, 2.9997573)]
